INDEX NOMINUM ET RERUM 623

1503954, Ionia 153 31 33013 336,1
5551105553,30. 613310505555 Graecae
1100555034, originis 5554 153 31 ·
:sa-20. ’Isiacae 03,8. 16. 30313 33336,
15 313, 10. 151110105 Cynicus 35615·
15801015 304 34 15Μ6- 1115 86 30
1001515331,13.1155151 Isis Sarapidis 5015561105 Als-
m 386 33 quidam ab xsndriae πολιοῦχος 55810.
diis traditi 387,4 Ismeniae (1104515 434,8.,
>rei 3438. Isocrates 3065. 54513,
ιι 13618.151013,33.133,13,360,.8 443 30
’1551105405 0331. Ister¹ 54
15501151011105515183,16. Euphrates Romani imperii
..3041113 38118 termini 41313 1545145·
51813. 5331, 6. 5351004511 ab Aiexandro 41316.
3316 5383154113 a'l'raiano 43033
563,.1 4 30. 53813 Isthmia 3351. 533,10. 13.
,6,09 13. Isthmus 533,10.
’1,3. 413,.34 Εοπίριοι ’10656561 3354. ·
Italia 33, 10, 43, 30, 4414. 43,36
156138 4013 50,13. 60,.3 654. sius
-.08,11 11511548,13.03,8.56158155·
10,33.015 01151 1151114645 416,.30
113 5538 558,8. ,,-115 1411114334. 48,.6 31,.13 ’,31
rs ’666,4. 53114. 1οι41551151413,1.3 56
55011165 5511Ἶ50455 03, 14.
031311105555604,6.Ι411506 06,35.141,35.481,15.
1153415511. · 51515 1115103315,
,13. 3111 43 34 43 36 5515154535.
536,.4 1511515115, 1511551454,6.6011151 5105116460
ἔν’ 1111151010 §viisque 333,.36 386,.5 4551118401·
vastatum 63333 15
quae 514 difficillima, 646516165011114630,36.6οη·
51111555 3133 5511511· 05115 1515501515 55504. 533,
4385 33. 15. ssi 11015115 51316
11155 animiaZsmolxide 15115555 imperator 0011545541·
543536, 5ο5011 55455 et 0611064115 563,
umerus pari 5166646514111165 01181116 -.434,10
103, 5111555451 603,3, 55451454,
Ι,6,3. 1511144,6.30,16.15.5515 54060. 50555648,
8533. 33,11. 41315. 35, 140555535654. paeda·
53313501005501515 gegu.s854.'5 asaal. 453,.8
ἡἸνδῶν 11005 64,6. ,8455 31. prasos 6114,
11η ψῆφοι 103,.33 τὰ 31455,.33 456,4.5 Osa·
105515 8136 546541505011111141111410 66535.
ιοιι 0551415 viros bonos (1515 1554145410 46630, Con·
γ5155111 et Eusebiae 15 sam
1. 50506015 151, 14. 5115555455
85,13. Constantio 611 Eusebia 510·

40·

 

