INDEX SCRIPTORUM.

Anacreon 4733. 49836.

Aristophanes (Achern. 1) 316,
10,-337339833-(4011010.
631) 48230. - 4923. 6043.

Aristotcles 16933. 1793. 186,7.
19634. -“- (Ρο111. 13) 26036
01371,1001376,19.- 337,
16. 3383. 34130, 31231.
6063.

Babrius 47237, 67033.

Callimachus 621,7.

Comicus 26931.

creles 26738. 26836. 27633.

Demosthenes (133) 4430. -
(18308) 2313 01 26332. -
30631. 31633. 36934. 60236.
60737. 6643.

Empedocles 2933.

Epicharmus 3203.

Eupolis 264, 6.

Euripides (fr. 476 Nauck.) 68,
10. - (fr. 1007 hl.) 883 01
2663. - 10938. 1603. -
(fr, 7) 26239 01 33236. ·-
2773. 16. 2963. 3213. 329,
14. - (fr. 478) 31930. - (fr.
488) 26532. 3843. 4633. 600,
4. 60636. ·- 3493. 40232.
4223. 42631. 67334.

Heraclitus 21434. 23931.

Herodotus (1314) 163- (13)
4632. - 60231. 6043.

Hesiodue 2063. 2703. 31733.
4483. 4773. 60030. 62834.

Hippocrates 60637. 67130.

Homerus (Od. α init.) 1436.-
633. 6134. 663. 6736. 6931.
703317. 7438. 20. 773. 78, ·
3. 16. 863. - (ΙΙ. μ, 128)
8631. - 8636. 17. 22. 913.
9434. 9931. 10230. 10839.
1223812336. 12636. 1363.
8.10.16. 20. 1463. 14632.
14736. 16733. 1693. 16431.
1683. 1773. 18. 23, 19132.
1943. 23838. 20. 23931. 247,
17. 24936. 2643. 2663. 270,
1. 27231. 28130. 2983. 6.
30131. 81330. 12. 18. 31631.
31630. 32031. 3233. 8. 26.
32436. 3263. 11. 18. 32636.
32730. 33239. 33632. 34131.
3663. 3763. 39439. 3983.
4033. 4263. 429331. 43031.
43634. 44132. 4443. 814
4603. 7. 4643. 47131. 4863.
6003. 12. 73238. 60431. 14.
17. 6063. - (11. α, 409) 610,
20. - (Il. ι, 381) 61130. -·
6173. 6233. 6263. 6373.
64133. 6493. 6613. 66436.
66632. 6633. 67634. 68632.

- (11. ζ. 606 et o. 263) 694,
‚ ἐῶ (11. s, 241) 00031. -
Isocrates (43) 23. - (231 el

337) 11238. .
Melanthius 489, 1.

 

